number_of_lights 10

// x, y, z (position) | r, g, b, a (color) | x, y, z, w (ambient) | diffuse (x, y, z, w) | specular (x, y, z, w) | atten (x, y, z, w) | direction (x, y, z, w) | param1 (x, y, z, w) | param2 (x, y, z, w)

light_properties

7000.0 -10000.0 7000.0   
0.7  0.7  1.0  1.0  
0.5  0.5  0.5  1.0  
1.0  1.0  1.0  1.0   
1.0  1.0  1.0  16000.0   
0.0  0.0001  0.000003  10000000000000.0   
0.0  0.0  0.0  0.0   
0.0  0.0  0.0  0.0   
1.0  0.0  0.0  0.0

17400 14500 -1300
0.7  0.7  1.0  1.0  
0.5  0.5  0.5  1.0  
1.0  1.0  1.0  1.0   
1.0  1.0  1.0  16000.0   
0.0  0.0001  0.0000007  1000000000000000.0   
0.0  0.0  0.0  0.0   
0.0  0.0  0.0  0.0   
1.0  0.0  0.0  0.0


-7100 -3200 -22300
0.7  0.7  1.0  1.0  
0.5  0.5  0.5  1.0  
1.0  1.0  1.0  1.0   
1.0  1.0  1.0  16000.0   
0.0  0.0001  0.0000008  1000000000000000.0   
0.0  0.0  0.0  0.0   
0.0  0.0  0.0  0.0   
1.0  0.0  0.0  0.0


20.0 13.0 11.0   
1.0  0.4  0.0  1.0  
0.5  0.5  0.5  1.0  
1.0  1.0  1.0  1.0   
1.0  0.5  0.0  1.0   
1.0  1.1  3.6  1000.0   
0.0  0.0  0.0  0.0   
0.0  0.0  0.0  0.0   
1.0  0.0  0.0  0.0


11.0 -15.0 4.7
0.8  0.7  0.2  1.0  
0.5  0.5  0.5  1.0  
1.0  1.0  1.0  1.0   
1.0  0.5  0.0  1.0   
1.0  10.1  10.6  1000.0   
0.0  0.0  -1.0  0.0   
1.0  10.0  28.0  0.0   
1.0  0.0  0.0  0.0

-8.5 -7.5 4.7
0.8  0.7  0.2  1.0  
0.5  0.5  0.5  1.0  
1.0  1.0  1.0  1.0   
1.0  0.5  0.0  1.0   
1.0  10.1  10.6  1000.0   
0.0  0.0  -1.0  0.0   
1.0  10.0  28.0  0.0   
1.0  0.0  0.0  0.0


16.36 6.14 0.38
1.0  0.0  0.0  1.0  
0.5  0.5  0.5  1.0  
1.0  1.0  1.0  1.0   
1.0  0.2  0.0  32.0   
1.0  800.1  800.6  0.2   
0.0  0.0  0.0  0.0   
0.0  0.0  0.0  0.0   
1.0  0.0  0.0  0.0


16.62 6.14 0.34
1.0  0.0  0.0  1.0  
0.5  0.5  0.5  1.0  
1.0  1.0  1.0  1.0   
1.0  0.2  0.0  32.0   
1.0  800.1  800.6  10.13   
0.0  0.0  0.0  0.0   
0.0  0.0  0.0  0.0   
1.0  0.0  0.0  0.0


17.38 6.14 0.34
1.0  0.0  0.0  1.0  
0.5  0.5  0.5  1.0  
1.0  1.0  1.0  1.0   
1.0  0.2  0.0  32.0   
1.0  800.1  800.6  10.13   
0.0  0.0  0.0  0.0   
0.0  0.0  0.0  0.0   
1.0  0.0  0.0  0.0


17.66 6.14 0.38
1.0  0.0  0.0  1.0  
0.5  0.5  0.5  1.0  
1.0  1.0  1.0  1.0   
1.0  0.2  0.0  32.0   
1.0  800.1  800.6  10.2   
0.0  0.0  0.0  0.0   
0.0  0.0  0.0  0.0   
1.0  0.0  0.0  0.0
